NumPeptides = 8697
AvgTargetScore = 32.83279324619224
TargetQ95Score = 44.880507377442605
AvgDecoyScore = 29.001643309619226
DecoyQ95Score = 35.013654165931776
