NumPeptides_q_0_01 = 6026
AvgTargetScore = 32.83279324619223
TargetQ95Score = 44.880507377442605
AvgDecoyScore = 29.001643309619215
DecoyQ95Score = 35.013654165931776
