NumPeptides_q_0_01 = 11551
AvgTargetScore = 8.75680445663862
TargetQ95Score = 14.314472781128597
AvgDecoyScore = 7.866572764729198
DecoyQ95Score = 10.624033178157188
