NumPeptides_q_0_01 = 15553
AvgTargetScore = 9.519370188639263
TargetQ95Score = 16.744144614459852
AvgDecoyScore = 8.25397950546426
DecoyQ95Score = 9.991396471432465
