NumPeptides_q_0_01 = 15220
AvgTargetScore = 14.256008744093544
TargetQ95Score = 23.024545988240682
AvgDecoyScore = 12.740590002103321
DecoyQ95Score = 15.639227359011286
