NumPeptides = 7336
AvgTargetScore = 22.988163949269012
TargetQ95Score = 36.301172620664076
AvgDecoyScore = 20.45939763445775
DecoyQ95Score = 25.309875026034938
