NumPeptides_q_0_01 = 9814
AvgTargetScore = 10.876816911555467
TargetQ95Score = 19.861701044719187
AvgDecoyScore = 9.692995143872766
DecoyQ95Score = 12.345263535283292
