NumPeptides_q_0.01 = 6904
AvgTargetScore = 22.11691792428762
TargetQ95Score = 34.39576249711483
AvgDecoyScore = 20.221616627128082
DecoyQ95Score = 25.000040717505303
