NumPeptides_q_0_01 = 2412
AvgTargetScore = 22.473263643744463
TargetQ95Score = 32.60714890338063
AvgDecoyScore = 20.48125073100707
DecoyQ95Score = 25.627900520272156
