NumPeptides_q_0.01 = 2442
AvgTargetScore = 22.473263643744477
TargetQ95Score = 32.60714890338063
AvgDecoyScore = 20.481250731007073
DecoyQ95Score = 25.627900520272156
