NumPeptides_q_0_01 = 6213
AvgTargetScore = 10.648437524359347
TargetQ95Score = 16.95124273234874
AvgDecoyScore = 9.719144456416075
DecoyQ95Score = 12.358579849230958
