NumPeptides = 2922
AvgTargetScore = 23.35560315415351
TargetQ95Score = 33.983086669309074
AvgDecoyScore = 20.88152948080362
DecoyQ95Score = 26.329978361311163
