NumPeptides_q_0_01 = 13184
AvgTargetScore = 14.463444941692208
TargetQ95Score = 25.241709467731322
AvgDecoyScore = 12.315211769255813
DecoyQ95Score = 15.562282800885004
