NumPeptides_q_0_01 = 13670
AvgTargetScore = 10.065951967364109
TargetQ95Score = 19.147044122825868
AvgDecoyScore = 8.157941220656596
DecoyQ95Score = 10.07845938923651
